{
  "nbformat": 4,
  "nbformat_minor": 0,
  "metadata": {
    "colab": {
      "provenance": []
    },
    "kernelspec": {
      "name": "python3",
      "display_name": "Python 3"
    },
    "language_info": {
      "name": "python"
    }
  },
  "cells": [
    {
      "cell_type": "code",
      "execution_count": 1,
      "metadata": {
        "colab": {
          "base_uri": "https://localhost:8080/"
        },
        "id": "JTqf1ntHNvk2",
        "outputId": "a6c05daf-9062-4cb6-e86f-50eda38f4b8a"
      },
      "outputs": [
        {
          "output_type": "stream",
          "name": "stdout",
          "text": [
            "Matrix A:\n",
            "[[ 6. -4. -8.]\n",
            " [-3. 10. 11.]\n",
            " [ 2. -4. -4.]]\n",
            "\n",
            "Matrix A/6:\n",
            "[[ 1.         -0.66666667 -1.33333333]\n",
            " [-0.5         1.66666667  1.83333333]\n",
            " [ 0.33333333 -0.66666667 -0.66666667]]\n",
            "\n",
            "High powers of A/6:\n",
            "\n",
            "(A/6)^1 ≈\n",
            "[[ 1.       -0.666667 -1.333333]\n",
            " [-0.5       1.666667  1.833333]\n",
            " [ 0.333333 -0.666667 -0.666667]]\n",
            "\n",
            "(A/6)^2 ≈\n",
            "[[ 0.888889 -0.888889 -1.666667]\n",
            " [-0.722222  1.888889  2.5     ]\n",
            " [ 0.444444 -0.888889 -1.222222]]\n",
            "\n",
            "(A/6)^5 ≈\n",
            "[[ 0.62963  -0.995885 -1.621399]\n",
            " [-0.932099  1.995885  2.923868]\n",
            " [ 0.497942 -0.995885 -1.489712]]\n",
            "\n",
            "(A/6)^10 ≈\n",
            "[[ 0.517333 -0.999983 -1.517299]\n",
            " [-0.991321  1.999983  2.991287]\n",
            " [ 0.499992 -0.999983 -1.499958]]\n",
            "\n",
            "(A/6)^20 ≈\n",
            "[[ 0.500301 -1.       -1.500301]\n",
            " [-0.99985   2.        2.99985 ]\n",
            " [ 0.5      -1.       -1.5     ]]\n",
            "\n",
            "(A/6)^50 ≈\n",
            "[[ 0.5 -1.  -1.5]\n",
            " [-1.   2.   3. ]\n",
            " [ 0.5 -1.  -1.5]]\n",
            "\n",
            "(A/6)^100 ≈\n",
            "[[ 0.5 -1.  -1.5]\n",
            " [-1.   2.   3. ]\n",
            " [ 0.5 -1.  -1.5]]\n",
            "\n",
            "Differences between successive high powers:\n",
            "\n",
            "|| (A/6)^2 - (A/6)^1 ||_F = 1.042315e+00\n",
            "|| (A/6)^5 - (A/6)^2 ||_F = 6.338250e-01\n",
            "|| (A/6)^10 - (A/6)^5 ||_F = 1.779309e-01\n",
            "|| (A/6)^20 - (A/6)^10 ||_F = 2.692792e-02\n",
            "|| (A/6)^50 - (A/6)^20 ||_F = 4.754910e-04\n",
            "|| (A/6)^100 - (A/6)^50 ||_F = 2.479746e-09\n"
          ]
        }
      ],
      "source": [
        "import numpy as np\n",
        "\n",
        "# Step 1: I Define the matrix A\n",
        "A = np.array([\n",
        "    [6,  -4,  -8],\n",
        "    [-3, 10,  11],\n",
        "    [2,  -4,  -4]\n",
        "], dtype=float)\n",
        "\n",
        "# Step 2. I Scale A by 6 to get A/6\n",
        "\n",
        "A6 = A / 6.0\n",
        "\n",
        "print(\"Matrix A:\")\n",
        "print(A)\n",
        "print(\"\\nMatrix A/6:\")\n",
        "print(A6)\n",
        "\n",
        "# Step 3. I will Explore high powers of A/6\n",
        "exponents = [1, 2, 5, 10, 20, 50, 100]\n",
        "\n",
        "print(\"\\nHigh powers of A/6:\\n\")\n",
        "for k in exponents:\n",
        "    Bk = np.linalg.matrix_power(A6, k)\n",
        "    print(f\"(A/6)^{k} ≈\")\n",
        "    print(np.round(Bk, 6))   # I rounded for better display\n",
        "    print()\n",
        "\n",
        "# Step 4: I will Check how much high powers change\n",
        "print(\"Differences between successive high powers:\\n\")\n",
        "prev = None\n",
        "for k in exponents:\n",
        "    Bk = np.linalg.matrix_power(A6, k)\n",
        "    if prev is not None:\n",
        "        diff = np.linalg.norm(Bk - prev)\n",
        "        print(f\"|| (A/6)^{k} - (A/6)^{prev_k} ||_F = {diff:.6e}\")\n",
        "    prev = Bk\n",
        "    prev_k = k\n"
      ]
    }
  ]
}